
1123334657575884839399393
1123334657575884839399393

1123334657575884839399393

1123334657575884839399393


1123334657575884839399393
1123334657575884839399393
1123334657575884839399393
1123334657575884839399393
1123334657575884839399393
1123334657575884839399393
1123334657575884839399393
1123334657575884839399393
1123334657575884839399393
v1123334657575884839399393
1123334657575884839399393
1123334657575884839399393
1123334657575884839399393
1123334657575884839399393
1123334657575884839399393
1123334657575884839399393

